Funciona Oscilando
0.0030876077144575457 -0.0070183881828793 -0.0017586395217097975 0.000000 0.000000 0.000000
0.0023926544269391612 -0.10002934892707009 -0.00047050831417166017 0.000000 -0.004048032365059082 0.000000
0.008641919591226484 -0.001499198089085273 -0.09942541505362719 -0.006643138328411043 0.000000 -0.0010632125366187102
0.000000 0.000000 0.003989307402933853 -0.09982020406588184 0.000000 0.000000
0.000000 0.00150015135976876 0.000000 0.000000 -0.10068296727807464 0.004072121919060133
0.000000 0.000000 0.007045193181395733 0.000000 -0.005929210522095758 -0.10021466943350289
67 76 41 31 65 21




Funciona (menos oscilação)
0.0028521899440997673 -0.007232335239104488 -0.0015066195409953866 0.000000 0.000000 0.000000
0.002776926616506791 -0.09936140964504478 -0.0014206313092932628 0.000000 -0.003763336408243206 0.000000
0.008310430683861563 -0.0014112472690535694 -0.09900677449776996 -0.006708060153400941 0.000000 -0.0013731396766298036
0.000000 0.000000 0.004271699035761044 -0.1007203061913005 0.000000 0.000000
0.000000 0.00106703653991195 0.000000 0.000000 -0.0999235446854663 0.0043842308879172035
0.000000 0.000000 0.006922986543160793 0.000000 -0.004876086054877012 -0.10004895996774857
62 38 15 61 18 13



Melhor
0.002878582983009675 -0.007189969779289947 -0.0015064501841581088 0.000000 0.000000 0.000000
0.0027717284279701764 -0.09933100120506894 -0.0014348816712244198 0.000000 -0.003753511209513744 0.000000
0.008303443901089566 -0.0014041798868143455 -0.09895897970775444 -0.006724748341319624 0.000000 -0.0013764779552923358
0.000000 0.000000 0.00428916860611082 -0.10070371578009167 0.000000 0.000000
0.000000 0.0010601641952958823 0.000000 0.000000 -0.09992170692687831 0.004401268901465229
0.000000 0.000000 0.006903848723829463 0.000000 -0.0048855505452104825 -0.10007333097227324
69 29 21 66 12 8