#                                           Drag Simulation                                          #
#| V0 = 10.000000 | G = 9.810000 | Sx0 = 0.000000 | Sy0 = 0.000000 | Theta = 60.000000 | M = 1.000000 | K = 0.200000 | Collision = 1 |#
######################################################################################################
# |     Sx     |     Sy     |     Vx     |     Vy     |     Ec     |     Time     | #
     0.000000   0.000000     5.000000   8.660254   50.000000    0.000000
     0.049900   0.085448     4.989999   8.544834   48.957142    0.010000
     0.099700   0.169745     4.980019   8.429645   47.929749    0.020000
     0.149401   0.252892     4.970059   8.314685   46.917736    0.030000
     0.199002   0.334891     4.960119   8.199956   45.921028    0.040000
     0.248504   0.415746     4.950199   8.085456   44.939533    0.050000
     0.297907   0.495458     4.940298   7.971185   43.973171    0.060000
     0.347211   0.574029     4.930418   7.857143   43.021854    0.070000
     0.396417   0.651462     4.920557   7.743329   42.085506    0.080000
     0.445524   0.727760     4.910716   7.629742   41.164043    0.090000
     0.494533   0.802924     4.900894   7.516382   40.257381    0.100000
     0.543444   0.876956     4.891092   7.403249   39.365440    0.110000
     0.592257   0.949859     4.881310   7.290343   38.488144    0.120000
     0.640972   1.021636     4.871547   7.177662   37.625401    0.130000
     0.689590   1.092288     4.861804   7.065207   36.777142    0.140000
     0.738111   1.161818     4.852080   6.952976   35.943279    0.150000
     0.786535   1.230228     4.842376   6.840970   35.123741    0.160000
     0.834862   1.297519     4.832692   6.729188   34.318439    0.170000
     0.883092   1.363696     4.823026   6.617630   33.527302    0.180000
     0.931226   1.428759     4.813380   6.506294   32.750248    0.190000
     0.979263   1.492711     4.803753   6.395182   31.987198    0.200000
     1.027205   1.555554     4.794146   6.284291   31.238077    0.210000
     1.075050   1.617290     4.784558   6.173623   30.502806    0.220000
     1.122800   1.677922     4.774989   6.063175   29.781305    0.230000
     1.170455   1.737451     4.765439   5.952949   29.073503    0.240000
     1.218014   1.795881     4.755908   5.842943   28.379320    0.250000
     1.265478   1.853212     4.746396   5.733157   27.698681    0.260000
     1.312847   1.909448     4.736903   5.623591   27.031511    0.270000
     1.360121   1.964590     4.727429   5.514244   26.377733    0.280000
     1.407301   2.018641     4.717974   5.405115   25.737274    0.290000
     1.454386   2.071604     4.708538   5.296205   25.110060    0.300000
     1.501377   2.123479     4.699121   5.187512   24.496012    0.310000
     1.548275   2.174269     4.689723   5.079037   23.895058    0.320000
     1.595078   2.223977     4.680343   4.970779   23.307127    0.330000
     1.641788   2.272604     4.670982   4.862737   22.732145    0.340000
     1.688404   2.320153     4.661640   4.754912   22.170038    0.350000
     1.734927   2.366626     4.652317   4.647302   21.620735    0.360000
     1.781358   2.412025     4.643013   4.539907   21.084162    0.370000
     1.827695   2.456353     4.633727   4.432728   20.560249    0.380000
     1.873939   2.499610     4.624459   4.325762   20.048922    0.390000
     1.920092   2.541800     4.615211   4.219011   19.550110    0.400000
     1.966151   2.582925     4.605980   4.112473   19.063744    0.410000
     2.012119   2.622987     4.596768   4.006148   18.589748    0.420000
     2.057995   2.661987     4.587574   3.900036   18.128059    0.430000
     2.103779   2.699929     4.578399   3.794136   17.678602    0.440000
     2.149471   2.736813     4.569242   3.688447   17.241310    0.450000
     2.195072   2.772643     4.560104   3.582970   16.816113    0.460000
     2.240582   2.807420     4.550984   3.477705   16.402941    0.470000
     2.286001   2.841146     4.541882   3.372649   16.001728    0.480000
     2.331329   2.873824     4.532798   3.267804   15.612401    0.490000
     2.376566   2.905456     4.523733   3.163168   15.234895    0.500000
     2.421713   2.936044     4.514685   3.058742   14.869142    0.510000
     2.466770   2.965589     4.505656   2.954524   14.515074    0.520000
     2.511736   2.994094     4.496644   2.850515   14.172624    0.530000
     2.556613   3.021561     4.487651   2.746714   13.841726    0.540000
     2.601399   3.047992     4.478676   2.643121   13.522312    0.550000
     2.646097   3.073390     4.469718   2.539735   13.214317    0.560000
     2.690705   3.097755     4.460779   2.436555   12.917676    0.570000
     2.735223   3.121091     4.451858   2.333582   12.632320    0.580000
     2.779653   3.143399     4.442954   2.230815   12.358188    0.590000
     2.823993   3.164682     4.434068   2.128253   12.095211    0.600000
     2.868245   3.184941     4.425200   2.025897   11.843326    0.610000
     2.912409   3.204178     4.416349   1.923745   11.602468    0.620000
     2.956484   3.222396     4.407516   1.821797   11.372573    0.630000
     3.000471   3.239597     4.398702   1.720054   11.153581    0.640000
     3.044370   3.255782     4.389904   1.618514   10.945424    0.650000
     3.088181   3.270954     4.381124   1.517177   10.748038    0.660000
     3.131905   3.285114     4.372362   1.416042   10.561363    0.670000
     3.175541   3.298265     4.363617   1.315110   10.385336    0.680000
     3.219090   3.310409     4.354890   1.214380   10.219894    0.690000
     3.262552   3.321548     4.346180   1.113851   10.064975    0.700000
     3.305926   3.331683     4.337488   1.013523   9.920517    0.710000
     3.349215   3.340817     4.328813   0.913396   9.786458    0.720000
     3.392416   3.348951     4.320156   0.813470   9.662739    0.730000
     3.435531   3.356089     4.311515   0.713743   9.549296    0.740000
     3.478560   3.362231     4.302892   0.614215   9.446071    0.750000
     3.521503   3.367380     4.294286   0.514887   9.353002    0.760000
     3.564360   3.371537     4.285697   0.415757   9.270028    0.770000
     3.607131   3.374706     4.277126   0.316825   9.197092    0.780000
     3.649817   3.376887     4.268571   0.218092   9.134132    0.790000
     3.692417   3.378082     4.260034   0.119556   9.081092    0.800000
     3.734932   3.378294     4.251514   0.021217   9.037910    0.810000
     3.777362   3.377525     4.243011   -0.076926   9.004530    0.820000
     3.819708   3.375776     4.234525   -0.174872   8.980892    0.830000
     3.861968   3.373050     4.226056   -0.272622   8.966936    0.839999
     3.904144   3.369348     4.217604   -0.370177   8.962608    0.849999
     3.946236   3.364673     4.209169   -0.467537   8.967847    0.859999
     3.988243   3.359026     4.200750   -0.564702   8.982595    0.869999
     4.030167   3.352409     4.192349   -0.661672   9.006800    0.879999
     4.072006   3.344825     4.183964   -0.758449   9.040401    0.889999
     4.113762   3.336274     4.175596   -0.855032   9.083342    0.899999
     4.155435   3.326760     4.167245   -0.951422   9.135567    0.909999
     4.197024   3.316284     4.158910   -1.047619   9.197021    0.919999
     4.238530   3.304847     4.150592   -1.143624   9.267646    0.929999
     4.279953   3.292453     4.142291   -1.239437   9.347389    0.939999
     4.321292   3.279103     4.134007   -1.335058   9.436194    0.949999
     4.362550   3.264798     4.125739   -1.430488   9.534007    0.959999
     4.403725   3.249540     4.117487   -1.525727   9.640771    0.969999
     4.444817   3.233333     4.109252   -1.620775   9.756433    0.979999
     4.485827   3.216176     4.101034   -1.715634   9.880939    0.989999
     4.526756   3.198073     4.092832   -1.810302   10.014233    0.999999
     4.567602   3.179025     4.084646   -1.904782   10.156262    1.009999
     4.608367   3.159035     4.076477   -1.999072   10.306976    1.019999
     4.649050   3.138103     4.068324   -2.093174   10.466318    1.029999
     4.689652   3.116232     4.060187   -2.187088   10.634235    1.039999
     4.730173   3.093424     4.052066   -2.280814   10.810677    1.049999
     4.770612   3.069680     4.043962   -2.374352   10.995588    1.059999
     4.810971   3.045003     4.035874   -2.467703   11.188919    1.069999
     4.851249   3.019395     4.027802   -2.560868   11.390617    1.079999
     4.891446   2.992856     4.019746   -2.653846   11.600630    1.089999
     4.931563   2.965390     4.011707   -2.746639   11.818908    1.099999
     4.971600   2.936997     4.003684   -2.839245   12.045398    1.109999
     5.011557   2.907681     3.995676   -2.931667   12.280049    1.119999
     5.051434   2.877442     3.987685   -3.023904   12.522812    1.129999
     5.091231   2.846282     3.979710   -3.115956   12.773635    1.139999
     5.130949   2.814204     3.971750   -3.207824   13.032468    1.149999
     5.170587   2.781209     3.963807   -3.299508   13.299260    1.159999
     5.210145   2.747299     3.955879   -3.391009   13.573962    1.169999
     5.249625   2.712476     3.947968   -3.482327   13.856525    1.179999
     5.289026   2.676741     3.940072   -3.573462   14.146899    1.189999
     5.328348   2.640097     3.932191   -3.664416   14.445035    1.199999
     5.367591   2.602545     3.924327   -3.755187   14.750885    1.209999
     5.406755   2.564087     3.916478   -3.845776   15.064399    1.219999
     5.445842   2.524725     3.908645   -3.936185   15.385530    1.229999
     5.484850   2.484461     3.900828   -4.026412   15.714228    1.239999
     5.523780   2.443296     3.893026   -4.116460   16.050447    1.249999
     5.562633   2.401233     3.885240   -4.206327   16.394138    1.259999
     5.601407   2.358273     3.877470   -4.296014   16.745255    1.269999
     5.640104   2.314418     3.869714   -4.385522   17.103748    1.279999
     5.678724   2.269669     3.861975   -4.474851   17.469572    1.289999
     5.717266   2.224029     3.854251   -4.564002   17.842680    1.299999
     5.755732   2.177499     3.846542   -4.652974   18.223026    1.309999
     5.794120   2.130082     3.838849   -4.741768   18.610563    1.319999
     5.832432   2.081778     3.831172   -4.830384   19.005243    1.329999
     5.870667   2.032590     3.823509   -4.918824   19.407024    1.339999
     5.908825   1.982519     3.815862   -5.007086   19.815859    1.349999
     5.946908   1.931567     3.808230   -5.095172   20.231697    1.359999
     5.984914   1.879736     3.800614   -5.183082   20.654501    1.369999
     6.022844   1.827028     3.793013   -5.270815   21.084219    1.379999
     6.060698   1.773444     3.785427   -5.358374   21.520811    1.389999
     6.098476   1.718987     3.777856   -5.445757   21.964231    1.399999
     6.136179   1.663657     3.770300   -5.532965   22.414433    1.409999
     6.173807   1.607457     3.762759   -5.619999   22.871376    1.419999
     6.211360   1.550389     3.755234   -5.706860   23.335014    1.429999
     6.248837   1.492453     3.747724   -5.793546   23.805302    1.439999
     6.286239   1.433653     3.740228   -5.880059   24.282200    1.449999
     6.323566   1.373989     3.732748   -5.966399   24.765659    1.459999
     6.360819   1.313463     3.725282   -6.052566   25.255642    1.469999
     6.397997   1.252077     3.717832   -6.138561   25.752100    1.479999
     6.435102   1.189833     3.710396   -6.224384   26.254997    1.489999
     6.472131   1.126733     3.702975   -6.310035   26.764286    1.499999
     6.509087   1.062778     3.695569   -6.395515   27.279922    1.509999
     6.545969   0.997970     3.688178   -6.480824   27.801868    1.519999
     6.582777   0.932310     3.680802   -6.565962   28.330080    1.529999
     6.619512   0.865801     3.673440   -6.650930   28.864519    1.539999
     6.656173   0.798443     3.666093   -6.735729   29.405140    1.549999
     6.692760   0.730240     3.658761   -6.820357   29.951902    1.559999
     6.729275   0.661192     3.651443   -6.904817   30.504766    1.569999
     6.765716   0.591301     3.644140   -6.989107   31.063688    1.579999
     6.802084   0.520568     3.636852   -7.073229   31.628630    1.589999
     6.838380   0.448996     3.629579   -7.157182   32.199551    1.599999
     6.874604   0.376587     3.622319   -7.240968   32.776405    1.609999
     6.910755   0.303341     3.615075   -7.324586   33.359161    1.619999
     6.946833   0.229261     3.607845   -7.408037   33.947777    1.629999
     6.982840   0.154347     3.600629   -7.491321   34.542206    1.639999
     7.018774   0.078603     3.593428   -7.574438   35.142418    1.649999
     7.054636   0.002029     3.586241   -7.657389   35.748367    1.659999
     7.090427   0.000000     3.579068   7.740174   36.360016    1.669999
     7.126146   0.076266     3.571910   7.626594   35.461739    1.679999
     7.161794   0.151398     3.564767   7.513241   34.578175    1.689999
     7.197371   0.225399     3.557637   7.400115   33.709240    1.699999
     7.232876   0.298272     3.550522   7.287214   32.854847    1.709999
     7.268310   0.370017     3.543421   7.174540   32.014927    1.719999
     7.303673   0.440638     3.536334   7.062091   31.189392    1.729999
     7.338966   0.510137     3.529261   6.949867   30.378166    1.739999
     7.374188   0.578515     3.522203   6.837867   29.581171    1.749999
     7.409339   0.645776     3.515158   6.726091   28.798323    1.759999
     7.444421   0.711922     3.508128   6.614539   28.029545    1.769999
     7.479432   0.776954     3.501112   6.503210   27.274763    1.779999
     7.514373   0.840875     3.494110   6.392104   26.533897    1.789999
     7.549244   0.903687     3.487122   6.281219   25.806868    1.799999
     7.584046   0.965393     3.480147   6.170557   25.093599    1.809999
     7.618778   1.025994     3.473187   6.060116   24.394016    1.819999
     7.653440   1.085493     3.466241   5.949895   23.708040    1.829999
     7.688033   1.143892     3.459308   5.839896   23.035597    1.839999
     7.722557   1.201193     3.452389   5.730116   22.376610    1.849999
     7.757012   1.257398     3.445485   5.620556   21.731007    1.859999
     7.791398   1.312510     3.438594   5.511215   21.098707    1.869999
     7.825715   1.366531     3.431716   5.402092   20.479641    1.879999
     7.859963   1.419463     3.424853   5.293188   19.873730    1.889999
     7.894144   1.471308     3.418003   5.184502   19.280903    1.899999
     7.928255   1.522069     3.411167   5.076033   18.701086    1.909999
     7.962298   1.571746     3.404345   4.967781   18.134205    1.919999
     7.996274   1.620344     3.397536   4.859745   17.580187    1.929999
     8.030181   1.667863     3.390741   4.751925   17.038961    1.939999
     8.064020   1.714306     3.383960   4.644321   16.510452    1.949998
     8.097792   1.759676     3.377192   4.536933   15.994592    1.959998
     8.131496   1.803973     3.370437   4.429759   15.491305    1.969998
     8.165133   1.847201     3.363696   4.322800   15.000525    1.979998
     8.198703   1.889362     3.356969   4.216054   14.522176    1.989998
     8.232205   1.930457     3.350255   4.109522   14.056190    1.999998
     8.265641   1.970489     3.343554   4.003203   13.602495    2.009999
     8.299010   2.009460     3.336867   3.897096   13.161022    2.019999
     8.332313   2.047372     3.330194   3.791202   12.731702    2.029999
     8.365548   2.084227     3.323533   3.685520   12.314465    2.039999
     8.398717   2.120028     3.316886   3.580049   11.909241    2.049999
     8.431820   2.154776     3.310252   3.474789   11.515963    2.059999
     8.464856   2.188473     3.303632   3.369739   11.134562    2.069999
     8.497827   2.221122     3.297024   3.264899   10.764970    2.079998
     8.530731   2.252725     3.290431   3.160270   10.407119    2.089998
     8.563570   2.283283     3.283850   3.055849   10.060942    2.099998
     8.596343   2.312800     3.277282   2.951637   9.726370    2.109998
     8.629050   2.341276     3.270727   2.847634   9.403338    2.119998
     8.661692   2.368714     3.264186   2.743839   9.091781    2.129998
     8.694268   2.395117     3.257658   2.640251   8.791630    2.139998
     8.726780   2.420485     3.251142   2.536871   8.502819    2.149998
     8.759227   2.444823     3.244640   2.433697   8.225285    2.159998
     8.791608   2.468130     3.238151   2.330729   7.958960    2.169998
     8.823925   2.490410     3.231674   2.227968   7.703780    2.179998
     8.856177   2.511664     3.225211   2.125412   7.459681    2.189998
     8.888365   2.531894     3.218760   2.023061   7.226598    2.199998
     8.920488   2.551103     3.212323   1.920915   7.004467    2.209998
     8.952547   2.569293     3.205898   1.818973   6.793224    2.219998
     8.984542   2.586465     3.199486   1.717235   6.592805    2.229998
     9.016473   2.602622     3.193088   1.615701   6.403149    2.239998
     9.048340   2.617766     3.186701   1.514369   6.224190    2.249998
     9.080143   2.631898     3.180328   1.413241   6.055868    2.259998
     9.111882   2.645021     3.173967   1.312314   5.898118    2.269998
     9.143559   2.657137     3.167619   1.211590   5.750881    2.279998
     9.175171   2.668248     3.161284   1.111066   5.614092    2.289998
     9.206720   2.678356     3.154961   1.010744   5.487693    2.299998
     9.238207   2.687462     3.148651   0.910623   5.371620    2.309998
     9.269630   2.695569     3.142354   0.810702   5.265813    2.319998
     9.300991   2.702679     3.136069   0.710980   5.170212    2.329998
     9.332289   2.708793     3.129797   0.611458   5.084756    2.339998
     9.363524   2.713915     3.123538   0.512135   5.009385    2.349998
     9.394697   2.718045     3.117290   0.413011   4.944039    2.359998
     9.425808   2.721186     3.111056   0.314085   4.888659    2.369998
     9.456857   2.723339     3.104834   0.215357   4.843186    2.379998
     9.487843   2.724508     3.098624   0.116826   4.807560    2.389998
     9.518766   2.724693     3.092427   0.018492   4.781723    2.399998
     9.549629   2.723896     3.086242   -0.079645   4.765617    2.409998
     9.580430   2.722120     3.080070   -0.177585   4.759183    2.419998
     9.611169   2.719367     3.073910   -0.275330   4.762364    2.429998
     9.641847   2.715638     3.067762   -0.372879   4.775101    2.439998
     9.672462   2.710936     3.061626   -0.470234   4.797338    2.449998
     9.703017   2.705262     3.055503   -0.567393   4.829017    2.459998
     9.733511   2.698618     3.049392   -0.664358   4.870082    2.469998
     9.763944   2.691007     3.043293   -0.761130   4.920477    2.479998
     9.794315   2.682430     3.037207   -0.857708   4.980144    2.489998
     9.824627   2.672889     3.031132   -0.954092   5.049028    2.499998
     9.854877   2.662386     3.025070   -1.050284   5.127073    2.509998
     9.885068   2.650923     3.019020   -1.146283   5.214224    2.519998
     9.915197   2.638502     3.012982   -1.242091   5.310425    2.529998
     9.945267   2.625125     3.006956   -1.337707   5.415622    2.539998
     9.975276   2.610794     3.000942   -1.433131   5.529760    2.549998
     10.005225   2.595510     2.994940   -1.528365   5.652784    2.559998
     10.035114   2.579276     2.988950   -1.623408   5.784640    2.569998
     10.064944   2.562094     2.982973   -1.718262   5.925274    2.579998
     10.094714   2.543964     2.977007   -1.812925   6.074633    2.589998
     10.124425   2.524890     2.971053   -1.907399   6.232663    2.599998
     10.154076   2.504874     2.965111   -2.001684   6.399311    2.609998
     10.183667   2.483916     2.959180   -2.095781   6.574523    2.619998
     10.213200   2.462019     2.953262   -2.189690   6.758249    2.629998
     10.242673   2.439185     2.947356   -2.283410   6.950434    2.639998
     10.272087   2.415416     2.941461   -2.376944   7.151026    2.649998
     10.301443   2.390713     2.935578   -2.470290   7.359974    2.659998
     10.330740   2.365078     2.929707   -2.563449   7.577227    2.669998
     10.359979   2.338514     2.923847   -2.656422   7.802731    2.679998
     10.389158   2.311022     2.918000   -2.749209   8.036437    2.689998
     10.418280   2.282604     2.912164   -2.841811   8.278294    2.699998
     10.447343   2.253262     2.906339   -2.934227   8.528249    2.709998
     10.476348   2.222997     2.900527   -3.026459   8.786254    2.719998
     10.505295   2.191812     2.894726   -3.118506   9.052258    2.729998
     10.534184   2.159708     2.888936   -3.210369   9.326210    2.739998
     10.563016   2.126688     2.883158   -3.302048   9.608062    2.749998
     10.591790   2.092752     2.877392   -3.393544   9.897763    2.759998
     10.620506   2.057904     2.871637   -3.484857   10.195264    2.769998
     10.649165   2.022144     2.865894   -3.575987   10.500516    2.779998
     10.677767   1.985474     2.860162   -3.666935   10.813471    2.789998
     10.706311   1.947897     2.854442   -3.757701   11.134079    2.799998
     10.734798   1.909415     2.848733   -3.848286   11.462292    2.809998
     10.763228   1.870028     2.843035   -3.938689   11.798061    2.819998
     10.791602   1.829738     2.837349   -4.028912   12.141342    2.829998
     10.819919   1.788549     2.831675   -4.118954   12.492083    2.839998
     10.848179   1.746461     2.826011   -4.208816   12.850237    2.849998
     10.876383   1.703476     2.820359   -4.298499   13.215759    2.859998
     10.904530   1.659596     2.814719   -4.388001   13.588599    2.869998
     10.932620   1.614823     2.809089   -4.477325   13.968713    2.879998
     10.960655   1.569158     2.803471   -4.566471   14.356052    2.889998
     10.988634   1.522604     2.797864   -4.655437   14.750571    2.899998
     11.016557   1.475161     2.792269   -4.744226   15.152224    2.909998
     11.044424   1.426833     2.786684   -4.832838   15.560966    2.919998
     11.072235   1.377620     2.781111   -4.921272   15.976749    2.929998
     11.099991   1.327525     2.775548   -5.009530   16.399529    2.939998
     11.127691   1.276549     2.769997   -5.097610   16.829260    2.949998
     11.155335   1.224694     2.764457   -5.185515   17.265898    2.959998
     11.182924   1.171961     2.758929   -5.273244   17.709396    2.969998
     11.210459   1.118353     2.753411   -5.360798   18.159712    2.979998
     11.237938   1.063871     2.747904   -5.448176   18.616800    2.989998
     11.265362   1.008518     2.742408   -5.535380   19.080616    2.999998
     11.292731   0.952294     2.736923   -5.622409   19.551117    3.009998
     11.320045   0.895201     2.731449   -5.709265   20.028259    3.019998
     11.347305   0.837241     2.725986   -5.795946   20.511997    3.029998
     11.374511   0.778417     2.720535   -5.882454   21.002289    3.039998
     11.401662   0.718729     2.715094   -5.968790   21.499092    3.049998
     11.428759   0.658179     2.709663   -6.054952   22.002361    3.059998
     11.455801   0.596770     2.704244   -6.140942   22.512053    3.069998
     11.482789   0.534502     2.698836   -6.226760   23.028130    3.079998
     11.509724   0.471378     2.693438   -6.312407   23.550545    3.089998
     11.536604   0.407400     2.688051   -6.397882   24.079256    3.099998
     11.563431   0.342568     2.682675   -6.483186   24.614225    3.109998
     11.590204   0.276885     2.677310   -6.568320   25.155407    3.119998
     11.616923   0.210352     2.671955   -6.653283   25.702761    3.129997
     11.643589   0.142971     2.666611   -6.738077   26.256247    3.139997
     11.670202   0.074744     2.661278   -6.822701   26.815821    3.149997
     11.696762   0.005672     2.655956   -6.907155   27.381445    3.159997
     11.723269   0.000000     2.650644   6.991441   27.953077    3.169997
     11.749722   0.068794     2.645342   6.879358   27.161699    3.179997
     11.776122   0.136469     2.640052   6.767499   26.384457    3.189997
     11.802470   0.203027     2.634772   6.655864   25.621271    3.199997
     11.828765   0.268472     2.629502   6.544452   24.872068    3.209997
     11.855007   0.332804     2.624243   6.433263   24.136765    3.219997
     11.881197   0.396027     2.618994   6.322297   23.415283    3.229997
     11.907334   0.458143     2.613756   6.211552   22.707552    3.239997
     11.933419   0.519153     2.608529   6.101029   22.013489    3.249997
     11.959453   0.579060     2.603312   5.990727   21.333021    3.259997
     11.985434   0.637867     2.598105   5.880645   20.666069    3.269997
     12.011363   0.695575     2.592909   5.770784   20.012562    3.279997
     12.037240   0.752186     2.587723   5.661142   19.372421    3.289997
     12.063066   0.807703     2.582548   5.551720   18.745575    3.299997
     12.088840   0.862129     2.577383   5.442517   18.131947    3.309997
     12.114562   0.915464     2.572228   5.333532   17.531460    3.319997
     12.140233   0.967712     2.567084   5.224765   16.944042    3.329997
     12.165853   1.018874     2.561949   5.116215   16.369621    3.339997
     12.191421   1.068953     2.556826   5.007883   15.808123    3.349997
     12.216938   1.117950     2.551712   4.899767   15.259475    3.359997
     12.242404   1.165869     2.546609   4.791867   14.723604    3.369997
     12.267819   1.212711     2.541515   4.684184   14.200438    3.379997
     12.293183   1.258478     2.536432   4.576715   13.689904    3.389997
     12.318497   1.303173     2.531359   4.469461   13.191933    3.399997
     12.343760   1.346797     2.526297   4.362422   12.706452    3.409997
     12.368972   1.389353     2.521244   4.255598   12.233391    3.419997
     12.394134   1.430843     2.516201   4.148986   11.772678    3.429997
     12.419246   1.471269     2.511169   4.042588   11.324245    3.439997
     12.444307   1.510633     2.506147   3.936403   10.888021    3.449997
     12.469318   1.548937     2.501135   3.830430   10.463935    3.459997
     12.494280   1.586184     2.496132   3.724669   10.051920    3.469997
     12.519191   1.622375     2.491140   3.619120   9.651905    3.479997
     12.544052   1.657513     2.486158   3.513782   9.263822    3.489997
     12.568864   1.691599     2.481186   3.408654   8.887603    3.499997
     12.593626   1.724637     2.476223   3.303737   8.523180    3.509997
     12.618339   1.756627     2.471271   3.199029   8.170485    3.519997
     12.643002   1.787572     2.466328   3.094531   7.829449    3.529997
     12.667616   1.817475     2.461396   2.990242   7.500008    3.539997
     12.692181   1.846336     2.456473   2.886162   7.182094    3.549997
     12.716696   1.874159     2.451560   2.782290   6.875640    3.559997
     12.741162   1.900945     2.446657   2.678625   6.580580    3.569997
     12.765580   1.926697     2.441763   2.575168   6.296848    3.579997
     12.789949   1.951416     2.436880   2.471917   6.024380    3.589997
     12.814269   1.975105     2.432006   2.368874   5.763108    3.599997
     12.838540   1.997765     2.427142   2.266036   5.512969    3.609997
     12.862763   2.019399     2.422288   2.163404   5.273897    3.619997
     12.886938   2.040009     2.417443   2.060977   5.045829    3.629997
     12.911064   2.059597     2.412608   1.958755   4.828700    3.639997
     12.935142   2.078164     2.407783   1.856737   4.622447    3.649997
     12.959171   2.095713     2.402968   1.754924   4.427006    3.659997
     12.983153   2.112247     2.398162   1.653314   4.242314    3.669997
     13.007087   2.127766     2.393365   1.551908   4.068307    3.679997
     13.030972   2.142273     2.388579   1.450704   3.904925    3.689997
     13.054811   2.155770     2.383801   1.349702   3.752103    3.699997
     13.078601   2.168259     2.379034   1.248903   3.609780    3.709997
     13.102344   2.179742     2.374276   1.148305   3.477895    3.719997
     13.126039   2.190221     2.369527   1.047909   3.356385    3.729997
     13.149687   2.199698     2.364788   0.947713   3.245191    3.739997
     13.173287   2.208175     2.360059   0.847717   3.144250    3.749997
     13.196841   2.215654     2.355338   0.747922   3.053503    3.759997
     13.220347   2.222138     2.350628   0.648326   2.972888    3.769997
     13.243807   2.227627     2.345927   0.548929   2.902347    3.779997
     13.267220   2.232124     2.341235   0.449731   2.841819    3.789997
     13.290586   2.235632     2.336552   0.350732   2.791245    3.799997
     13.313905   2.238151     2.331879   0.251931   2.750565    3.809997
     13.337177   2.239684     2.327215   0.153327   2.719720    3.819997
     13.360403   2.240234     2.322561   0.054920   2.698653    3.829997
     13.383582   2.239801     2.317916   -0.043290   2.687304    3.839997
     13.406715   2.238388     2.313280   -0.141303   2.685616    3.849997
     13.429802   2.235996     2.308654   -0.239121   2.693530    3.859997
     13.452843   2.232629     2.304036   -0.336742   2.710989    3.869997
     13.475837   2.228287     2.299428   -0.434169   2.737936    3.879997
     13.498785   2.222973     2.294829   -0.531401   2.774314    3.889997
     13.521688   2.216689     2.290240   -0.628438   2.820066    3.899997
     13.544544   2.209436     2.285659   -0.725281   2.875135    3.909997
     13.567355   2.201217     2.281088   -0.821930   2.939466    3.919997
     13.590120   2.192033     2.276526   -0.918387   3.013002    3.929997
     13.612840   2.181887     2.271973   -1.014650   3.095687    3.939997
     13.635514   2.170779     2.267429   -1.110721   3.187466    3.949997
     13.658143   2.158714     2.262894   -1.206599   3.288285    3.959997
     13.680727   2.145691     2.258368   -1.302286   3.398087    3.969997
     13.703265   2.131713     2.253851   -1.397781   3.516819    3.979997
     13.725759   2.116782     2.249343   -1.493086   3.644425    3.989997
     13.748207   2.100900     2.244844   -1.588200   3.780853    3.999997
     13.770611   2.084069     2.240355   -1.683123   3.926047    4.009997
     13.792970   2.066290     2.235874   -1.777857   4.079955    4.019997
     13.815284   2.047566     2.231402   -1.872401   4.242522    4.029997
     13.837553   2.027899     2.226940   -1.966757   4.413696    4.039998
     13.859777   2.007289     2.222486   -2.060923   4.593423    4.049998
     13.881958   1.985740     2.218041   -2.154901   4.781652    4.059998
     13.904094   1.963253     2.213605   -2.248692   4.978330    4.069998
     13.926186   1.939831     2.209177   -2.342294   5.183403    4.079998
     13.948234   1.915473     2.204759   -2.435710   5.396822    4.089999
     13.970237   1.890184     2.200350   -2.528938   5.618534    4.099999
     13.992196   1.863964     2.195949   -2.621980   5.848486    4.109999
     14.014112   1.836816     2.191557   -2.714836   6.086629    4.119999
     14.035983   1.808741     2.187174   -2.807507   6.332912    4.130000
     14.057811   1.779741     2.182800   -2.899992   6.587283    4.140000
     14.079596   1.749818     2.178434   -2.992292   6.849692    4.150000
     14.101336   1.718974     2.174077   -3.084407   7.120089    4.160000
     14.123034   1.687210     2.169729   -3.176338   7.398424    4.170001
     14.144688   1.654529     2.165390   -3.268085   7.684647    4.180001
     14.166298   1.620933     2.161059   -3.359649   7.978709    4.190001
     14.187865   1.586423     2.156737   -3.451030   8.280560    4.200001
     14.209390   1.551000     2.152423   -3.542228   8.590152    4.210001
     14.230871   1.514668     2.148118   -3.633244   8.907435    4.220002
     14.252310   1.477427     2.143822   -3.724077   9.232361    4.230002
     14.273705   1.439280     2.139534   -3.814729   9.564881    4.240002
     14.295058   1.400228     2.135255   -3.905199   9.904948    4.250002
     14.316368   1.360273     2.130985   -3.995489   10.252513    4.260003
     14.337635   1.319417     2.126723   -4.085598   10.607530    4.270003
     14.358860   1.277662     2.122469   -4.175527   10.969949    4.280003
     14.380042   1.235009     2.118224   -4.265275   11.339725    4.290003
     14.401182   1.191460     2.113988   -4.354845   11.716809    4.300004
     14.422279   1.147018     2.109760   -4.444235   12.101157    4.310004
     14.443335   1.101684     2.105540   -4.533447   12.492720    4.320004
     14.464348   1.055459     2.101329   -4.622480   12.891452    4.330004
     14.485319   1.008345     2.097126   -4.711335   13.297309    4.340004
     14.506248   0.960345     2.092932   -4.800013   13.710243    4.350005
     14.527136   0.911460     2.088746   -4.888513   14.130208    4.360005
     14.547981   0.861692     2.084569   -4.976836   14.557160    4.370005
     14.568786   0.811042     2.080400   -5.064982   14.991052    4.380005
     14.589548   0.759513     2.076239   -5.152952   15.431842    4.390006
     14.610269   0.707105     2.072086   -5.240746   15.879482    4.400006
     14.630948   0.653822     2.067942   -5.328365   16.333927    4.410006
     14.651587   0.599663     2.063806   -5.415808   16.795137    4.420006
     14.672183   0.544633     2.059679   -5.503077   17.263063    4.430007
     14.692739   0.488731     2.055559   -5.590170   17.737663    4.440007
     14.713253   0.431960     2.051448   -5.677090   18.218897    4.450007
     14.733727   0.374322     2.047345   -5.763836   18.706713    4.460007
     14.754159   0.315818     2.043251   -5.850408   19.201075    4.470007
     14.774550   0.256450     2.039164   -5.936807   19.701935    4.480008
     14.794901   0.196219     2.035086   -6.023034   20.209253    4.490008
     14.815211   0.135128     2.031015   -6.109087   20.722986    4.500008
     14.835481   0.073179     2.026953   -6.194969   21.243092    4.510008
     14.855710   0.010372     2.022900   -6.280679   21.769527    4.520009
     14.875898   0.000000     2.018854   6.366218   22.302252    4.530009
     14.896047   0.062554     2.014816   6.255386   21.594669    4.540009
     14.916155   0.124002     2.010787   6.144775   20.900761    4.550009
     14.936222   0.184345     2.006765   6.034385   20.220455    4.560009
     14.956249   0.243588     2.002751   5.924216   19.553677    4.570010
     14.976236   0.301730     1.998746   5.814268   18.900347    4.580010
     14.996183   0.358776     1.994748   5.704539   18.260395    4.590010
     15.016091   0.414726     1.990759   5.595030   17.633743    4.600010
     15.035959   0.469583     1.986777   5.485740   17.020315    4.610011
     15.055787   0.523350     1.982804   5.376669   16.420040    4.620011
     15.075576   0.576028     1.978838   5.267816   15.832841    4.630011
     15.095325   0.627620     1.974881   5.159180   15.258647    4.640011
     15.115034   0.678128     1.970931   5.050762   14.697381    4.650012
     15.134704   0.727553     1.966989   4.942560   14.148973    4.660012
     15.154334   0.775899     1.963055   4.834575   13.613351    4.670012
     15.173925   0.823167     1.959129   4.726806   13.090441    4.680012
     15.193478   0.869360     1.955210   4.619253   12.580172    4.690012
     15.212991   0.914479     1.951300   4.511914   12.082471    4.700013
     15.232465   0.958527     1.947397   4.404790   11.597268    4.710013
     15.251900   1.001505     1.943503   4.297881   11.124491    4.720013
     15.271296   1.043417     1.939616   4.191185   10.664070    4.730013
     15.290653   1.084264     1.935736   4.084702   10.215935    4.740014
     15.309972   1.124049     1.931865   3.978433   9.780016    4.750014
     15.329252   1.162772     1.928001   3.872376   9.356243    4.760014
     15.348494   1.200438     1.924145   3.766531   8.944548    4.770014
     15.367697   1.237047     1.920297   3.660898   8.544859    4.780015
     15.386862   1.272601     1.916456   3.555477   8.157110    4.790015
     15.405988   1.307104     1.912624   3.450266   7.781231    4.800015
     15.425076   1.340557     1.908798   3.345265   7.417155    4.810015
     15.444125   1.372961     1.904981   3.240475   7.064814    4.820015
     15.463137   1.404320     1.901171   3.135894   6.724140    4.830016
     15.482110   1.434636     1.897369   3.031522   6.395067    4.840016
     15.501046   1.463909     1.893574   2.927359   6.077527    4.850016
     15.519944   1.492143     1.889787   2.823404   5.771452    4.860016
     15.538804   1.519340     1.886007   2.719657   5.476779    4.870017
     15.557627   1.545501     1.882235   2.616118   5.193441    4.880017
     15.576411   1.570629     1.878471   2.512786   4.921372    4.890017
     15.595159   1.594725     1.874714   2.409660   4.660507    4.900017
     15.613868   1.617793     1.870964   2.306741   4.410780    4.910017
     15.632540   1.639833     1.867222   2.204027   4.172128    4.920018
     15.651175   1.660848     1.863488   2.101519   3.944485    4.930018
     15.669772   1.680840     1.859761   1.999216   3.727788    4.940018
     15.688333   1.699812     1.856041   1.897118   3.521972    4.950018
     15.706856   1.717764     1.852329   1.795224   3.326976    4.960019
     15.725342   1.734699     1.848624   1.693533   3.142734    4.970019
     15.743791   1.750620     1.844927   1.592046   2.969184    4.980019
     15.762203   1.765527     1.841237   1.490762   2.806263    4.990019
     15.780579   1.779424     1.837555   1.389681   2.653910    5.000020
     15.798918   1.792312     1.833880   1.288801   2.512062    5.010020
     15.817220   1.804193     1.830212   1.188124   2.380657    5.020020
     15.835485   1.815070     1.826552   1.087647   2.259634    5.030020
     15.853714   1.824943     1.822899   0.987372   2.148931    5.040020
     15.871906   1.833816     1.819253   0.887297   2.048488    5.050021
     15.890062   1.841691     1.815614   0.787423   1.958245    5.060021
     15.908182   1.848568     1.811983   0.687748   1.878140    5.070021
     15.926266   1.854451     1.808359   0.588272   1.808113    5.080021
     15.944313   1.859341     1.804742   0.488996   1.748106    5.090022
     15.962324   1.863240     1.801133   0.389918   1.698058    5.100022
     15.980299   1.866150     1.797531   0.291038   1.657910    5.110022
     15.998239   1.868074     1.793935   0.192356   1.627603    5.120022
     16.016142   1.869013     1.790348   0.093871   1.607078    5.130023
     16.034010   1.868968     1.786767   -0.004417   1.596278    5.140023
     16.051842   1.867943     1.783193   -0.102508   1.595143    5.150023
     16.069637   1.865939     1.779627   -0.200403   1.603617    5.160023
     16.087399   1.862958     1.776068   -0.298102   1.621641    5.170023
     16.105124   1.859002     1.772516   -0.395606   1.649158    5.180024
     16.122814   1.854073     1.768971   -0.492915   1.686111    5.190024
     16.140469   1.848173     1.765433   -0.590029   1.732443    5.200024
     16.158087   1.841303     1.761902   -0.686949   1.788098    5.210024
     16.175671   1.833467     1.758378   -0.783675   1.853020    5.220025
     16.193220   1.824665     1.754861   -0.880207   1.927152    5.230025
     16.210733   1.814899     1.751351   -0.976547   2.010438    5.240025
     16.228212   1.804172     1.747849   -1.072694   2.102824    5.250025
     16.245655   1.792486     1.744353   -1.168649   2.204254    5.260026
     16.263063   1.779842     1.740864   -1.264411   2.314672    5.270026
     16.280437   1.766242     1.737383   -1.359982   2.434026    5.280026
     16.297777   1.751688     1.733908   -1.455363   2.562258    5.290026
     16.315081   1.736182     1.730440   -1.550552   2.699317    5.300026
     16.332350   1.719727     1.726979   -1.645551   2.845147    5.310027
     16.349585   1.702323     1.723525   -1.740360   2.999696    5.320027
     16.366785   1.683974     1.720078   -1.834979   3.162909    5.330027
     16.383951   1.664679     1.716638   -1.929409   3.334733    5.340027
     16.401083   1.644443     1.713205   -2.023650   3.515116    5.350028
     16.418180   1.623266     1.709778   -2.117703   3.704005    5.360028
     16.435244   1.601150     1.706359   -2.211568   3.901347    5.370028
     16.452272   1.578098     1.702946   -2.305245   4.107090    5.380028
     16.469267   1.554110     1.699540   -2.398734   4.321181    5.390028
     16.486229   1.529190     1.696141   -2.492037   4.543571    5.400029
     16.503157   1.503339     1.692749   -2.585153   4.774206    5.410029
     16.520050   1.476558     1.689363   -2.678082   5.013036    5.420029
     16.536909   1.448849     1.685984   -2.770826   5.260011    5.430029
     16.553736   1.420216     1.682613   -2.863384   5.515078    5.440030
     16.570528   1.390658     1.679247   -2.955758   5.778187    5.450030
     16.587286   1.360179     1.675889   -3.047946   6.049290    5.460030
     16.604012   1.328779     1.672537   -3.139950   6.328334    5.470030
     16.620703   1.296461     1.669192   -3.231770   6.615270    5.480031
     16.637362   1.263227     1.665854   -3.323407   6.910050    5.490031
     16.653986   1.229079     1.662522   -3.414860   7.212623    5.500031
     16.670578   1.194017     1.659197   -3.506130   7.522941    5.510031
     16.687138   1.158045     1.655878   -3.597218   7.840955    5.520031
     16.703663   1.121164     1.652567   -3.688123   8.166615    5.530032
     16.720156   1.083376     1.649262   -3.778847   8.499875    5.540032
     16.736616   1.044682     1.645963   -3.869390   8.840685    5.550032
     16.753042   1.005084     1.642671   -3.959751   9.188997    5.560032
     16.769436   0.964585     1.639386   -4.049931   9.544764    5.570033
     16.785797   0.923186     1.636107   -4.139931   9.907938    5.580033
     16.802126   0.880888     1.632835   -4.229751   10.278472    5.590033
     16.818422   0.837694     1.629569   -4.319392   10.656321    5.600033
     16.834686   0.793606     1.626310   -4.408853   11.041435    5.610034
     16.850916   0.748624     1.623057   -4.498136   11.433769    5.620034
     16.867113   0.702752     1.619811   -4.587239   11.833277    5.630034
     16.883278   0.655990     1.616572   -4.676165   12.239910    5.640034
     16.899412   0.608341     1.613339   -4.764912   12.653625    5.650034
     16.915514   0.559806     1.610112   -4.853482   13.074375    5.660035
     16.931583   0.510387     1.606892   -4.941875   13.502117    5.670035
     16.947620   0.460087     1.603678   -5.030092   13.936803    5.680035
     16.963625   0.408905     1.600471   -5.118132   14.378389    5.690035
     16.979597   0.356845     1.597270   -5.205996   14.826830    5.700036
     16.995539   0.303908     1.594075   -5.293684   15.282081    5.710036
     17.011448   0.250096     1.590887   -5.381196   15.744096    5.720036
     17.027325   0.195411     1.587705   -5.468534   16.212833    5.730036
     17.043171   0.139854     1.584530   -5.555696   16.688250    5.740036
     17.058985   0.083427     1.581361   -5.642685   17.170298    5.750037
     17.074766   0.026132     1.578198   -5.729499   17.658936    5.760037
     17.090517   0.000000     1.575042   5.816140   18.154121    5.770037
     17.106236   0.057064     1.571892   5.706408   17.516968    5.780037
     17.121923   0.113033     1.568748   5.596895   16.893103    5.790038
     17.137579   0.167909     1.565610   5.487601   16.282452    5.800038
     17.153204   0.221694     1.562479   5.378526   15.684942    5.810038
     17.168798   0.274391     1.559354   5.269669   15.100498    5.820038
     17.184361   0.326001     1.556235   5.161030   14.529049    5.830039
     17.199892   0.376527     1.553123   5.052608   13.970517    5.840039
     17.215393   0.425971     1.550017   4.944402   13.424832    5.850039
     17.230862   0.474336     1.546917   4.836413   12.891923    5.860039
     17.246300   0.521622     1.543823   4.728641   12.371716    5.870039
     17.261707   0.567833     1.540735   4.621083   11.864138    5.880040
     17.277084   0.612970     1.537654   4.513741   11.369119    5.890040
     17.292431   0.657036     1.534578   4.406613   10.886586    5.900040
     17.307747   0.700033     1.531509   4.299700   10.416471    5.910040
     17.323030   0.741963     1.528446   4.193001   9.958702    5.920041
     17.338284   0.782828     1.525389   4.086515   9.513208    5.930041
     17.353506   0.822631     1.522339   3.980242   9.079921    5.940041
     17.368698   0.861373     1.519294   3.874182   8.658768    5.950041
     17.383862   0.899056     1.516255   3.768333   8.249682    5.960042
     17.398994   0.935683     1.513223   3.662697   7.852594    5.970042
     17.414097   0.971256     1.510196   3.557271   7.467435    5.980042
     17.429169   1.005776     1.507176   3.452057   7.094137    5.990042
     17.444210   1.039247     1.504161   3.347053   6.732631    6.000042
     17.459221   1.071669     1.501153   3.242259   6.382850    6.010043
     17.474203   1.103046     1.498151   3.137674   6.044727    6.020043
     17.489155   1.133379     1.495154   3.033299   5.718194    6.030043
     17.504076   1.162670     1.492164   2.929132   5.403184    6.040043
     17.518969   1.190922     1.489180   2.825174   5.099632    6.050044
     17.533831   1.218136     1.486201   2.721423   4.807470    6.060044
     17.548662   1.244315     1.483229   2.617881   4.526634    6.070044
     17.563465   1.269461     1.480263   2.514545   4.257056    6.080044
     17.578238   1.293575     1.477302   2.411416   3.998673    6.090044
     17.592981   1.316660     1.474347   2.308493   3.751419    6.100045
     17.607695   1.338717     1.471399   2.205776   3.515231    6.110045
     17.622379   1.359750     1.468456   2.103264   3.290041    6.120045
     17.637035   1.379760     1.465519   2.000957   3.075788    6.130045
     17.651661   1.398748     1.462588   1.898856   2.872408    6.140046
     17.666258   1.416718     1.459663   1.796958   2.679837    6.150046
     17.680826   1.433671     1.456744   1.695264   2.498011    6.160046
     17.695364   1.449608     1.453830   1.593773   2.326868    6.170046
     17.709873   1.464533     1.450922   1.492486   2.166345    6.180047
     17.724354   1.478447     1.448021   1.391401   2.016380    6.190047
     17.738806   1.491352     1.445125   1.290518   1.876911    6.200047
     17.753227   1.503251     1.442234   1.189837   1.747876    6.210047
     17.767620   1.514144     1.439350   1.089357   1.629214    6.220047
     17.781984   1.524035     1.436471   0.989079   1.520863    6.230048
     17.796320   1.532925     1.433598   0.889000   1.422763    6.240048
     17.810627   1.540816     1.430731   0.789122   1.334853    6.250048
     17.824905   1.547711     1.427870   0.689444   1.257072    6.260048
     17.839155   1.553610     1.425014   0.589965   1.189362    6.270049
     17.853376   1.558517     1.422164   0.490685   1.131661    6.280049
     17.867569   1.562433     1.419319   0.391604   1.083911    6.290049
     17.881733   1.565361     1.416481   0.292721   1.046052    6.300049
     17.895870   1.567301     1.413648   0.194035   1.018025    6.310050
     17.909979   1.568256     1.410820   0.095547   0.999772    6.320050
     17.924059   1.568229     1.407999   -0.002744   0.991234    6.330050
     17.938110   1.567221     1.405183   -0.100838   0.992354    6.340050
     17.952133   1.565233     1.402372   -0.198737   1.003072    6.350050
     17.966129   1.562269     1.399568   -0.296439   1.023333    6.360051
     17.980097   1.558329     1.396769   -0.393946   1.053078    6.370051
     17.994036   1.553417     1.393975   -0.491258   1.092251    6.380051
     18.007948   1.547533     1.391187   -0.588376   1.140794    6.390051
     18.021832   1.540680     1.388405   -0.685299   1.198651    6.400052
     18.035688   1.532860     1.385628   -0.782029   1.265767    6.410052
     18.049517   1.524074     1.382857   -0.878564   1.342084    6.420052
     18.063318   1.514325     1.380091   -0.974907   1.427548    6.430052
     18.077091   1.503614     1.377331   -1.071058   1.522102    6.440053
     18.090837   1.491944     1.374576   -1.167015   1.625692    6.450053
     18.104555   1.479316     1.371827   -1.262781   1.738263    6.460053
     18.118246   1.465733     1.369083   -1.358356   1.859760    6.470053
     18.131910   1.451196     1.366345   -1.453739   1.990128    6.480053
     18.145546   1.435706     1.363613   -1.548932   2.129314    6.490054
     18.159155   1.419267     1.360885   -1.643934   2.277264    6.500054
     18.172737   1.401879     1.358163   -1.738746   2.433923    6.510054
     18.186291   1.383546     1.355447   -1.833369   2.599239    6.520054
     18.199818   1.364268     1.352736   -1.927802   2.773158    6.530055
     18.213318   1.344047     1.350031   -2.022046   2.955627    6.540055
     18.226791   1.322886     1.347331   -2.116102   3.146594    6.550055
     18.240238   1.300786     1.344636   -2.209970   3.346007    6.560055
     18.253658   1.277750     1.341947   -2.303650   3.553813    6.570055
     18.267052   1.253778     1.339263   -2.397143   3.769960    6.580056
     18.280418   1.228874     1.336584   -2.490449   3.994396    6.590056
     18.293758   1.203038     1.333911   -2.583568   4.227071    6.600056
     18.307072   1.176273     1.331244   -2.676501   4.467933    6.610056
     18.320358   1.148581     1.328581   -2.769248   4.716930    6.620057
     18.333618   1.119963     1.325924   -2.861809   4.974013    6.630057
     18.346851   1.090421     1.323272   -2.954186   5.239131    6.640057
     18.360058   1.059957     1.320625   -3.046377   5.512233    6.650057
     18.373238   1.028573     1.317984   -3.138385   5.793270    6.660058
     18.386391   0.996271     1.315348   -3.230208   6.082192    6.670058
     18.399517   0.963053     1.312718   -3.321847   6.378949    6.680058
     18.412619   0.928920     1.310092   -3.413304   6.683492    6.690058
     18.425694   0.893874     1.307472   -3.504577   6.995772    6.700058
     18.438742   0.857917     1.304857   -3.595668   7.315740    6.710059
     18.451765   0.821051     1.302247   -3.686577   7.643348    6.720059
     18.464762   0.783278     1.299643   -3.777304   7.978547    6.730059
     18.477732   0.744600     1.297043   -3.867849   8.321289    6.740059
     18.490677   0.705018     1.294449   -3.958213   8.671526    6.750060
     18.503595   0.664534     1.291860   -4.048397   9.029211    6.760060
     18.516489   0.623150     1.289277   -4.138400   9.394295    6.770060
     18.529356   0.580868     1.286698   -4.228223   9.766732    6.780060
     18.542198   0.537689     1.284125   -4.317867   10.146475    6.790061
     18.555014   0.493616     1.281557   -4.407331   10.533477    6.800061
     18.567804   0.448650     1.278993   -4.496616   10.927691    6.810061
     18.580568   0.402792     1.276435   -4.585723   11.329071    6.820061
     18.593307   0.356046     1.273883   -4.674652   11.737573    6.830061
     18.606020   0.308412     1.271335   -4.763402   12.153148    6.840062
     18.618708   0.259892     1.268792   -4.851975   12.575749    6.850062
     18.631371   0.210488     1.266255   -4.940372   13.005336    6.860062
     18.644009   0.160202     1.263722   -5.028591   13.441859    6.870062
     18.656620   0.109036     1.261195   -5.116633   13.885275    6.880063
     18.669207   0.056991     1.258672   -5.204500   14.335539    6.890063
     18.681768   0.004069     1.256155   -5.292191   14.792605    6.900063
     18.694305   0.000000     1.253643   5.379707   15.256433    6.910063
     18.706818   0.052708     1.251135   5.270847   14.673586    6.920063
     18.719303   0.104331     1.248633   5.162206   14.103726    6.930064
     18.731764   0.154868     1.246136   5.053782   13.546781    6.940064
     18.744200   0.204324     1.243643   4.945574   13.002675    6.950064
     18.756611   0.252700     1.241156   4.837583   12.471337    6.960064
     18.768997   0.299998     1.238674   4.729807   11.952695    6.970065
     18.781359   0.346220     1.236197   4.622248   11.446678    6.980065
     18.793695   0.391369     1.233724   4.514903   10.953213    6.990065
     18.806007   0.435447     1.231257   4.407773   10.472228    7.000065
     18.818295   0.478456     1.228794   4.300858   10.003655    7.010066
     18.830559   0.520397     1.226337   4.194156   9.547421    7.020066
     18.842798   0.561274     1.223884   4.087667   9.103458    7.030066
     18.855013   0.601088     1.221436   3.981392   8.671695    7.040066
     18.867203   0.639841     1.218993   3.875329   8.252061    7.050066
     18.879368   0.677536     1.216555   3.769479   7.844488    7.060067
     18.891508   0.714174     1.214122   3.663840   7.448907    7.070067
     18.903625   0.749759     1.211694   3.558412   7.065248    7.080067
     18.915718   0.784290     1.209271   3.453195   6.693446    7.090067
     18.927786   0.817772     1.206852   3.348189   6.333429    7.100068
     18.939831   0.850206     1.204438   3.243392   5.985132    7.110068
     18.951851   0.881594     1.202029   3.138805   5.648487    7.120068
     18.963846   0.911939     1.199625   3.034428   5.323427    7.130068
     18.975819   0.941241     1.197226   2.930259   5.009884    7.140069
     18.987766   0.969504     1.194832   2.826298   4.707793    7.150069
     18.999691   0.996730     1.192442   2.722546   4.417087    7.160069
     19.011591   1.022920     1.190057   2.619001   4.137700    7.170069
     19.023468   1.048076     1.187677   2.515663   3.869568    7.180069
     19.035320   1.072202     1.185302   2.412531   3.612624    7.190070
     19.047150   1.095298     1.182931   2.309606   3.366804    7.200070
     19.058956   1.117367     1.180565   2.206887   3.132042    7.210070
     19.070738   1.138410     1.178204   2.104373   2.908276    7.220070
     19.082497   1.158431     1.175848   2.002064   2.695440    7.230071
     19.094231   1.177431     1.173496   1.899960   2.493471    7.240071
     19.105942   1.195411     1.171149   1.798060   2.302305    7.250071
     19.117630   1.212375     1.168807   1.696364   2.121880    7.260071
     19.129295   1.228323     1.166469   1.594871   1.952132    7.270072
     19.140936   1.243259     1.164136   1.493582   1.793000    7.280072
     19.152554   1.257184     1.161808   1.392494   1.644419    7.290072
     19.164148   1.270100     1.159484   1.291609   1.506329    7.300072
     19.175720   1.282010     1.157165   1.190926   1.378668    7.310072
     19.187269   1.292914     1.154851   1.090444   1.261375    7.320073
     19.198795   1.302816     1.152541   0.990163   1.154387    7.330073
     19.210299   1.311717     1.150236   0.890083   1.057646    7.340073
     19.221777   1.319619     1.147936   0.790203   0.971089    7.350073
     19.233232   1.326524     1.145640   0.690523   0.894656    7.360074
     19.244665   1.332434     1.143349   0.591042   0.828288    7.370074
     19.256075   1.337352     1.141062   0.491759   0.771925    7.380074
     19.267462   1.341279     1.138780   0.392676   0.725507    7.390074
     19.278828   1.344216     1.136502   0.293791   0.688975    7.400074
     19.290171   1.346167     1.134229   0.195103   0.662270    7.410075
     19.301491   1.347134     1.131961   0.096613   0.645335    7.420075
     19.312788   1.347117     1.129697   -0.001680   0.638109    7.430075
     19.324062   1.346119     1.127437   -0.099777   0.640535    7.440075
     19.335314   1.344142     1.125183   -0.197678   0.652556    7.450076
     19.346542   1.341188     1.122932   -0.295382   0.674114    7.460076
     19.357750   1.337260     1.120686   -0.392891   0.705151    7.470076
     19.368935   1.332358     1.118445   -0.490206   0.745610    7.480076
     19.380096   1.326484     1.116208   -0.587325   0.795436    7.490077
     19.391235   1.319642     1.113976   -0.684251   0.854571    7.500077
     19.402353   1.311832     1.111748   -0.780982   0.922958    7.510077
     19.413448   1.303057     1.109524   -0.877520   1.000543    7.520077
     19.424520   1.293318     1.107305   -0.973865   1.087269    7.530077
     19.435572   1.282618     1.105091   -1.070017   1.183081    7.540078
     19.446600   1.270958     1.102880   -1.165977   1.287924    7.550078
     19.457607   1.258341     1.100675   -1.261746   1.401743    7.560078
     19.468592   1.244767     1.098473   -1.357322   1.524484    7.570078
     19.479555   1.230240     1.096277   -1.452707   1.656090    7.580079
     19.490496   1.214761     1.094084   -1.547902   1.796510    7.590079
     19.501415   1.198332     1.091896   -1.642906   1.945689    7.600079
     19.512312   1.180955     1.089712   -1.737720   2.103572    7.610079
     19.523188   1.162632     1.087533   -1.832345   2.270108    7.620080
     19.534040   1.143364     1.085358   -1.926780   2.445241    7.630080
     19.544872   1.123154     1.083187   -2.021027   2.628921    7.640080
     19.555683   1.102003     1.081020   -2.115085   2.821094    7.650080
     19.566471   1.079913     1.078858   -2.208955   3.021708    7.660080
     19.577238   1.056887     1.076701   -2.302637   3.230710    7.670081
     19.587984   1.032925     1.074547   -2.396131   3.448049    7.680081
     19.598707   1.008031     1.072398   -2.489439   3.673672    7.690081
     19.609409   0.982206     1.070253   -2.582560   3.907529    7.700081
     19.620090   0.955451     1.068113   -2.675495   4.149569    7.710082
     19.630751   0.927768     1.065977   -2.768244   4.399741    7.720082
     19.641390   0.899160     1.063845   -2.860808   4.657993    7.730082
     19.652006   0.869628     1.061717   -2.953186   4.924275    7.740082
     19.662601   0.839174     1.059594   -3.045380   5.198538    7.750082
     19.673176   0.807800     1.057474   -3.137389   5.480731    7.760083
     19.683729   0.775508     1.055359   -3.229214   5.770804    7.770083
     19.694262   0.742300     1.053249   -3.320856   6.068708    7.780083
     19.704773   0.708177     1.051142   -3.412314   6.374394    7.790083
     19.715263   0.673141     1.049040   -3.503590   6.687813    7.800084
     19.725733   0.637194     1.046942   -3.594682   7.008914    7.810084
     19.736181   0.600338     1.044848   -3.685593   7.337652    7.820084
     19.746609   0.562575     1.042758   -3.776322   7.673976    7.830084
     19.757015   0.523906     1.040673   -3.866869   8.017838    7.840085
     19.767401   0.484334     1.038591   -3.957236   8.369193    7.850085
     19.777765   0.443859     1.036514   -4.047421   8.727989    7.860085
     19.788109   0.402485     1.034441   -4.137426   9.094183    7.870085
     19.798433   0.360213     1.032372   -4.227252   9.467724    7.880085
     19.808737   0.317044     1.030307   -4.316897   9.848566    7.890086
     19.819019   0.272980     1.028247   -4.406363   10.236663    7.900086
     19.829281   0.228024     1.026190   -4.495650   10.631969    7.910086
     19.839521   0.182176     1.024138   -4.584759   11.034435    7.920086
     19.849743   0.135439     1.022090   -4.673689   11.444019    7.930087
     19.859943   0.087815     1.020045   -4.762442   11.860674    7.940087
     19.870123   0.039305     1.018005   -4.851017   12.284350    7.950087
     19.880283   0.000000     1.015969   4.939415   12.715007    7.960087
     19.890423   0.048314     1.013937   4.831436   12.185422    7.970088
     19.900541   0.095551     1.011909   4.723673   11.668526    7.980088
     19.910641   0.141712     1.009886   4.616126   11.164245    7.990088
     19.920719   0.186800     1.007866   4.508794   10.672507    8.000088
     19.930779   0.230817     1.005850   4.401676   10.193244    8.010088
     19.940817   0.273765     1.003839   4.294773   9.726382    8.020088
     19.950834   0.315646     1.001831   4.188083   9.271852    8.030088
     19.960833   0.356462     0.999827   4.081607   8.829584    8.040089
     19.970810   0.396215     0.997827   3.975344   8.399508    8.050089
     19.980768   0.434908     0.995832   3.869293   7.981555    8.060089
     19.990707   0.472543     0.993840   3.763454   7.575654    8.070089
     20.000626   0.509121     0.991852   3.657828   7.181737    8.080090
     20.010525   0.544645     0.989869   3.552412   6.799736    8.090090
     20.020403   0.579117     0.987889   3.447207   6.429581    8.100090
     20.030262   0.612539     0.985913   3.342213   6.071205    8.110090
     20.040102   0.644913     0.983941   3.237428   5.724541    8.120090
     20.049921   0.676242     0.981973   3.132853   5.389521    8.130091
     20.059721   0.706527     0.980009   3.028487   5.066077    8.140091
     20.069502   0.735770     0.978049   2.924330   4.754145    8.150091
     20.079264   0.763974     0.976093   2.820382   4.453656    8.160091
     20.089005   0.791140     0.974141   2.716641   4.164545    8.170092
     20.098726   0.817272     0.972193   2.613108   3.886746    8.180092
     20.108429   0.842369     0.970249   2.509782   3.620193    8.190092
     20.118113   0.866436     0.968308   2.406662   3.364821    8.200092
     20.127777   0.889473     0.966371   2.303749   3.120566    8.210093
     20.137421   0.911484     0.964439   2.201041   2.887362    8.220093
     20.147045   0.932469     0.962510   2.098539   2.665146    8.230093
     20.156651   0.952432     0.960585   1.996242   2.453853    8.240093
     20.166237   0.971373     0.958664   1.894150   2.253419    8.250093
     20.175804   0.989296     0.956746   1.792261   2.063782    8.260094
     20.185352   1.006202     0.954833   1.690577   1.884878    8.270094
     20.194881   1.022092     0.952923   1.589095   1.716643    8.280094
     20.204391   1.036971     0.951017   1.487817   1.559017    8.290094
     20.213882   1.050838     0.949115   1.386742   1.411936    8.300095
     20.223354   1.063697     0.947217   1.285868   1.275339    8.310095
     20.232807   1.075549     0.945323   1.185196   1.149163    8.320095
     20.242241   1.086396     0.943432   1.084726   1.033347    8.330095
     20.251656   1.096240     0.941545   0.984457   0.927831    8.340096
     20.261053   1.105084     0.939662   0.884388   0.832553    8.350096
     20.270432   1.112929     0.937783   0.784519   0.747453    8.360096
     20.279791   1.119778     0.935907   0.684850   0.672471    8.370096
     20.289131   1.125632     0.934035   0.585380   0.607546    8.380096
     20.298452   1.130493     0.932167   0.486109   0.552619    8.390097
     20.307755   1.134363     0.930303   0.387037   0.507631    8.400097
     20.317039   1.137245     0.928442   0.288163   0.472522    8.410097
     20.326305   1.139140     0.926585   0.189487   0.447233    8.420097
     20.335552   1.140050     0.924732   0.091008   0.431706    8.430098
     20.344782   1.139977     0.922883   -0.007274   0.425883    8.440098
     20.353992   1.138923     0.921037   -0.105360   0.429705    8.450098
     20.363184   1.136891     0.919195   -0.203249   0.443115    8.460098
     20.372358   1.133881     0.917357   -0.300943   0.466055    8.470098
     20.381514   1.129897     0.915522   -0.398441   0.498468    8.480099
     20.390650   1.124939     0.913691   -0.495744   0.540296    8.490099
     20.399769   1.119011     0.911863   -0.592852   0.591484    8.500099
     20.408869   1.112113     0.910040   -0.689767   0.651975    8.510099
     20.417952   1.104248     0.908220   -0.786487   0.721712    8.520100
     20.427015   1.095418     0.906403   -0.883014   0.800640    8.530100
     20.436062   1.085625     0.904590   -0.979348   0.888703    8.540100
     20.445089   1.074870     0.902781   -1.075489   0.985846    8.550100
     20.454100   1.063155     0.900976   -1.171438   1.092013    8.560101
     20.463091   1.050483     0.899174   -1.267196   1.207149    8.570101
     20.472065   1.036856     0.897375   -1.362761   1.331200    8.580101
     20.481020   1.022274     0.895581   -1.458136   1.464112    8.590101
     20.489958   1.006741     0.893789   -1.553319   1.605830    8.600101
     20.498878   0.990258     0.892002   -1.648313   1.756301    8.610102
     20.507780   0.972827     0.890218   -1.743116   1.915471    8.620102
     20.516665   0.954450     0.888437   -1.837730   2.083286    8.630102
     20.525532   0.935128     0.886660   -1.932154   2.259693    8.640102
     20.534380   0.914864     0.884887   -2.026390   2.444641    8.650103
     20.543211   0.893660     0.883117   -2.120437   2.638076    8.660103
     20.552025   0.871517     0.881351   -2.214297   2.839945    8.670103
     20.560822   0.848437     0.879588   -2.307968   3.050196    8.680103
     20.569599   0.824423     0.877829   -2.401452   3.268778    8.690104
     20.578360   0.799475     0.876074   -2.494749   3.495639    8.700104
     20.587103   0.773597     0.874321   -2.587860   3.730728    8.710104
     20.595829   0.746789     0.872573   -2.680784   3.973993    8.720104
     20.604538   0.719054     0.870828   -2.773522   4.225384    8.730104
     20.613230   0.690393     0.869086   -2.866075   4.484849    8.740105
     20.621902   0.660808     0.867348   -2.958443   4.752339    8.750105
     20.630558   0.630302     0.865613   -3.050626   5.027803    8.760105
     20.639196   0.598876     0.863882   -3.142625   5.311192    8.770105
     20.647818   0.566531     0.862154   -3.234440   5.602456    8.780106
     20.656422   0.533271     0.860430   -3.326071   5.901544    8.790106
     20.665009   0.499096     0.858709   -3.417519   6.208408    8.800106
     20.673578   0.464008     0.856992   -3.508784   6.522999    8.810106
     20.682131   0.428009     0.855278   -3.599866   6.845268    8.820107
     20.690666   0.391101     0.853567   -3.690766   7.175167    8.830107
     20.699184   0.353287     0.851860   -3.781485   7.512647    8.840107
     20.707685   0.314566     0.850156   -3.872022   7.857660    8.850107
     20.716169   0.274943     0.848456   -3.962378   8.210157    8.860107
     20.724636   0.234417     0.846759   -4.052553   8.570094    8.870108
     20.733088   0.192992     0.845065   -4.142548   8.937420    8.880108
     20.741522   0.150668     0.843375   -4.232363   9.312090    8.890108
     20.749939   0.107448     0.841689   -4.321999   9.694056    8.900108
     20.758339   0.063333     0.840005   -4.411455   10.083271    8.910109
     20.766722   0.018326     0.838325   -4.500732   10.479689    8.920109
     20.775087   0.000000     0.836649   4.589830   10.883262    8.930109
     20.783438   0.044826     0.834975   4.482551   10.395222    8.940109
     20.791771   0.088580     0.833305   4.375485   9.919635    8.950109
     20.800087   0.131267     0.831639   4.268634   9.456431    8.960110
     20.808386   0.172887     0.829975   4.161997   9.005538    8.970110
     20.816669   0.213442     0.828315   4.055573   8.566890    8.980110
     20.824936   0.252936     0.826659   3.949362   8.140411    8.990110
     20.833185   0.291370     0.825006   3.843363   7.726037    9.000111
     20.841419   0.328745     0.823355   3.737576   7.323695    9.010111
     20.849636   0.365065     0.821709   3.632001   6.933319    9.020111
     20.857838   0.400332     0.820065   3.526637   6.554838    9.030111
     20.866022   0.434547     0.818425   3.421484   6.188186    9.040112
     20.874189   0.467712     0.816788   3.316541   5.833293    9.050112
     20.882341   0.499830     0.815155   3.211808   5.490093    9.060112
     20.890476   0.530903     0.813524   3.107284   5.158518    9.070112
     20.898596   0.560933     0.811897   3.002970   4.838501    9.080112
     20.906698   0.589921     0.810274   2.898864   4.529977    9.090113
     20.914785   0.617871     0.808653   2.794966   4.232877    9.100113
     20.922855   0.644784     0.807036   2.691276   3.947136    9.110113
     20.930910   0.670662     0.805422   2.587793   3.672689    9.120113
     20.938948   0.695507     0.803811   2.484518   3.409470    9.130114
     20.946970   0.719321     0.802203   2.381449   3.157414    9.140114
     20.954975   0.742107     0.800599   2.278586   2.916456    9.150114
     20.962965   0.763866     0.798998   2.175929   2.686532    9.160114
     20.970940   0.784601     0.797400   2.073477   2.467577    9.170115
     20.978897   0.804314     0.795805   1.971230   2.259527    9.180115
     20.986839   0.823005     0.794213   1.869188   2.062319    9.190115
     20.994766   0.840679     0.792625   1.767349   1.875889    9.200115
     21.002676   0.857336     0.791040   1.665715   1.700174    9.210115
     21.010571   0.872979     0.789458   1.564283   1.535112    9.220116
     21.018450   0.887609     0.787879   1.463054   1.380641    9.230116
     21.026312   0.901230     0.786303   1.362028   1.236697    9.240116
     21.034159   0.913842     0.784730   1.261204   1.103219    9.250116
     21.041990   0.925448     0.783161   1.160582   0.980146    9.260117
     21.049807   0.936049     0.781594   1.060161   0.867415    9.270117
     21.057608   0.945649     0.780031   0.959940   0.764967    9.280117
     21.065392   0.954248     0.778471   0.859920   0.672740    9.290117
     21.073160   0.961849     0.776914   0.760101   0.590674    9.300117
     21.080914   0.968454     0.775360   0.660480   0.518709    9.310118
     21.088652   0.974064     0.773810   0.561059   0.456785    9.320118
     21.096375   0.978683     0.772262   0.461837   0.404841    9.330118
     21.104082   0.982311     0.770718   0.362814   0.362820    9.340118
     21.111774   0.984951     0.769176   0.263988   0.330661    9.350119
     21.119452   0.986604     0.767638   0.165360   0.308306    9.360119
     21.127113   0.987273     0.766102   0.066929   0.295696    9.370119
     21.134760   0.986960     0.764570   -0.031305   0.292774    9.380119
     21.142391   0.985667     0.763041   -0.129342   0.299481    9.390120
     21.150007   0.983395     0.761515   -0.227183   0.315759    9.400120
     21.157608   0.980147     0.759992   -0.324829   0.341551    9.410120
     21.165194   0.975924     0.758472   -0.422279   0.376800    9.420120
     21.172764   0.970729     0.756955   -0.519535   0.421449    9.430120
     21.180319   0.964563     0.755441   -0.616596   0.475441    9.440121
     21.187859   0.957428     0.753930   -0.713463   0.538720    9.450121
     21.195383   0.949327     0.752422   -0.810136   0.611230    9.460121
     21.202892   0.940261     0.750918   -0.906615   0.692914    9.470121
     21.210386   0.930232     0.749416   -1.002902   0.783718    9.480122
     21.217865   0.919242     0.747917   -1.098996   0.883586    9.490122
     21.225328   0.907293     0.746421   -1.194898   0.992463    9.500122
     21.232779   0.894387     0.744928   -1.290608   1.110294    9.510122
     21.240213   0.880525     0.743438   -1.386127   1.237025    9.520123
     21.247633   0.865711     0.741951   -1.481455   1.372600    9.530123
     21.255037   0.849945     0.740468   -1.576592   1.516967    9.540123
     21.262426   0.833229     0.738987   -1.671539   1.670072    9.550123
     21.269802   0.815566     0.737509   -1.766296   1.831860    9.560123
     21.277163   0.796958     0.736034   -1.860863   2.002279    9.570124
     21.284508   0.777405     0.734562   -1.955242   2.181275    9.580124
     21.291840   0.756911     0.733092   -2.049431   2.368796    9.590124
     21.299156   0.735477     0.731626   -2.143432   2.564789    9.600124
     21.306458   0.713104     0.730163   -2.237245   2.769202    9.610125
     21.313745   0.689796     0.728703   -2.330871   2.981983    9.620125
     21.321018   0.665553     0.727245   -2.424309   3.203080    9.630125
     21.328276   0.640377     0.725791   -2.517560   3.432441    9.640125
     21.335520   0.614271     0.724339   -2.610625   3.670016    9.650126
     21.342749   0.587236     0.722891   -2.703504   3.915753    9.660126
     21.349962   0.559274     0.721445   -2.796197   4.169600    9.670126
     21.357162   0.530387     0.720002   -2.888705   4.431509    9.680126
     21.364347   0.500576     0.718562   -2.981027   4.701427    9.690126
     21.371519   0.469845     0.717125   -3.073165   4.979307    9.700127
     21.378675   0.438194     0.715690   -3.165119   5.265096    9.710127
     21.385818   0.405625     0.714259   -3.256889   5.558745    9.720127
     21.392946   0.372140     0.712831   -3.348475   5.860206    9.730127
     21.400061   0.337741     0.711405   -3.439878   6.169429    9.740128
     21.407160   0.302430     0.709982   -3.531098   6.486364    9.750128
     21.414246   0.266209     0.708562   -3.622136   6.810964    9.760128
     21.421316   0.229079     0.707145   -3.712992   7.143181    9.770128
     21.428373   0.191042     0.705731   -3.803666   7.482964    9.780128
     21.435417   0.152101     0.704319   -3.894158   7.830267    9.790129
     21.442446   0.112256     0.702911   -3.984470   8.185042    9.800129
     21.449461   0.071510     0.701505   -4.074601   8.547242    9.810129
     21.456463   0.029864     0.700102   -4.164552   8.916817    9.820129
     21.463449   0.000000     0.698702   4.254323   9.293722    9.830130
     21.470423   0.041477     0.697304   4.147714   8.844881    9.840130
     21.477383   0.081890     0.695909   4.041318   8.408272    9.850130
     21.484327   0.121242     0.694518   3.935136   7.983824    9.860130
     21.491259   0.159533     0.693129   3.829165   7.571468    9.870131
     21.498177   0.196767     0.691742   3.723407   7.171134    9.880131
     21.505079   0.232946     0.690359   3.617860   6.782754    9.890131
     21.511969   0.268071     0.688978   3.512525   6.406260    9.900131
     21.518845   0.302145     0.687600   3.407400   6.041583    9.910131
     21.525707   0.335170     0.686225   3.302485   5.688655    9.920132
     21.532557   0.367148     0.684852   3.197780   5.347410    9.930132
     21.539391   0.398081     0.683483   3.093284   5.017778    9.940132
     21.546211   0.427971     0.682116   2.988998   4.699695    9.950132
     21.553019   0.456820     0.680752   2.884920   4.393092    9.960133
     21.559813   0.484630     0.679390   2.781050   4.097904    9.970133
     21.566593   0.511404     0.678031   2.677388   3.814066    9.980133
     21.573360   0.537144     0.676675   2.573933   3.541510    9.990133
