interessante, aumentar tempo (ficou bosta)
0.120000 -0.870000 -0.620000 0.000000 0.000000 0.000000
0.690000 -0.930000 -0.850000 0.000000 -0.240000 0.000000
0.900000 -0.430000 -0.200000 -0.540000 0.000000 -0.050000
0.000000 0.000000 0.420000 -0.530000 0.000000 0.000000
0.000000 0.240000 0.000000 0.000000 -0.800000 0.490000
0.000000 0.000000 0.860000 0.000000 -0.260000 -0.090000
10 10 10 10 10 10

bom exemplo de população que surge do nada (ou nao)
0.480000 -0.130000 -0.770000 0.000000 0.000000 0.000000
0.150000 -0.680000 -0.480000 0.000000 -0.270000 0.000000
0.500000 -0.720000 -0.050000 -0.430000 0.000000 -0.250000
0.000000 0.000000 0.480000 -0.060000 0.000000 0.000000
0.000000 0.440000 0.000000 0.000000 -0.480000 0.180000
0.000000 0.000000 0.930000 0.000000 -0.350000 -0.030000
10 10 10 10 10 10


parece ter potencial, porem tem populações surgindo do nada (nao)
0.090000 -0.840000 -0.540000 0.000000 0.000000 0.000000
0.900000 -0.620000 -0.640000 0.000000 -0.760000 0.000000
0.780000 -0.650000 -0.160000 -0.690000 0.000000 -0.030000
0.000000 0.000000 0.850000 -1.000000 0.000000 0.000000
0.000000 0.310000 0.000000 0.000000 -0.370000 0.580000
0.000000 0.000000 0.290000 0.000000 -0.380000 -0.030000
10 10 10 10 10 10


aumentar tempo (nao)
0.005800 -0.000500 -0.000900 0.000000 0.000000 0.000000
0.008200 -0.000900 -0.005600 0.000000 -0.005800 0.000000
0.008000 -0.002700 -0.008900 -0.007000 0.000000 -0.008000
0.000000 0.000000 0.000300 -0.003100 0.000000 0.000000
0.000000 0.002700 0.000000 0.000000 -0.006300 0.006200
0.000000 0.000000 0.008100 0.000000 -0.004100 -0.009200
10 10 10 10 10 10


Passaro morreu, aumentar tempo (nao)
0.009500 -0.003400 -0.004600 0.000000 0.000000 0.000000
0.006800 -0.100000 -0.001700 0.000000 -0.003900 0.000000
0.008200 -0.006100 -0.100000 -0.005900 0.000000 -0.009300
0.000000 0.000000 0.005700 -0.100000 0.000000 0.000000
0.000000 0.008500 0.000000 0.000000 -0.100000 0.008100
0.000000 0.000000 0.002200 0.000000 -0.002200 -0.100000
54 77 90 60 45 87 


grafico ficou mó daora, mas passaro morreu, aumentar tempo (deu ruim)
0.008100 -0.006200 -0.008800 0.000000 0.000000 0.000000
0.009800 -0.100000 -0.000000 0.000000 -0.003000 0.000000
0.009900 -0.008200 -0.100000 -0.003600 0.000000 -0.001100
0.000000 0.000000 0.000700 -0.100000 0.000000 0.000000
0.000000 0.005100 0.000000 0.000000 -0.100000 0.005100
0.000000 0.000000 0.000300 0.000000 -0.005400 -0.100000
96 55 41 69 97 74 


bom, mas coelho morreu (morre cobra e passaro tmb)
0.008000 -0.001200 -0.009500 0.000000 0.000000 0.000000
0.004900 -0.100000 -0.006600 0.000000 -0.001800 0.000000
0.008400 -0.004500 -0.100000 -0.000700 0.000000 -0.000800
0.000000 0.000000 0.001300 -0.100000 0.000000 0.000000
0.000000 0.007900 0.000000 0.000000 -0.100000 0.002300
0.000000 0.000000 0.009900 0.000000 -0.004800 -0.100000
37 10 22 32 18 91   


quase, lagarto morreu com o tempo, aumentar tempo
0.001700 -0.004100 -0.005500 0.000000 0.000000 0.000000
0.008100 -0.100000 -0.006300 0.000000 -0.009800 0.000000
0.007200 -0.007500 -0.100000 -0.009000 0.000000 -0.008700
0.000000 0.000000 0.004400 -0.100000 0.000000 0.000000
0.000000 0.009300 0.000000 0.000000 -0.100000 0.002100
0.000000 0.000000 0.010000 0.000000 -0.002400 -0.100000
62 19 15 31 60 15 



coelho morreu q nem bosta mas o resto ficou bem bonitinho
0.006900 -0.000800 -0.008800 0.000000 0.000000 0.000000
0.002300 -0.100000 -0.001800 0.000000 -0.002800 0.000000
0.004400 -0.001400 -0.100000 -0.002300 0.000000 -0.002000
0.000000 0.000000 0.005100 -0.100000 0.000000 0.000000
0.000000 0.005400 0.000000 0.000000 -0.100000 0.006700
0.000000 0.000000 0.008400 0.000000 -0.001000 -0.100000
39 59 21 27 64 38  


parece que foi, aumentar tempo
0.003200 -0.006900 -0.001500 0.000000 0.000000 0.000000
0.002300 -0.100000 -0.000700 0.000000 -0.004300 0.000000
0.008700 -0.000700 -0.100000 -0.007500 0.000000 -0.001300
0.000000 0.000000 0.004200 -0.100000 0.000000 0.000000
0.000000 0.002200 0.000000 0.000000 -0.100000 0.004700
0.000000 0.000000 0.006900 0.000000 -0.006200 -0.100000
60 70 55 74 26 69



Funciona (morre passaro, lagarto e inseto com 50000 de tempo)
0.003200 -0.006900 -0.001500 0.000000 0.000000 0.000000
0.002300 -0.100000 -0.000700 0.000000 -0.004300 0.000000
0.008700 -0.000700 -0.100000 -0.007500 0.000000 -0.001300
0.000000 0.000000 0.004200 -0.100000 0.000000 0.000000
0.000000 0.002200 0.000000 0.000000 -0.100000 0.004700
0.000000 0.000000 0.006900 0.000000 -0.006200 -0.100000
72 45 20 96 34 81




Funciona Oscilando pra caralho
0.0030876077144575457 -0.0070183881828793 -0.0017586395217097975 0.000000 0.000000 0.000000
0.0023926544269391612 -0.10002934892707009 -0.00047050831417166017 0.000000 -0.004048032365059082 0.000000
0.008641919591226484 -0.001499198089085273 -0.09942541505362719 -0.006643138328411043 0.000000 -0.0010632125366187102
0.000000 0.000000 0.003989307402933853 -0.09982020406588184 0.000000 0.000000
0.000000 0.00150015135976876 0.000000 0.000000 -0.10068296727807464 0.004072121919060133
0.000000 0.000000 0.007045193181395733 0.000000 -0.005929210522095758 -0.10021466943350289
67 76 41 31 65 21




Funciona (menos oscilação)
0.0028521899440997673 -0.007232335239104488 -0.0015066195409953866 0.000000 0.000000 0.000000
0.002776926616506791 -0.09936140964504478 -0.0014206313092932628 0.000000 -0.003763336408243206 0.000000
0.008310430683861563 -0.0014112472690535694 -0.09900677449776996 -0.006708060153400941 0.000000 -0.0013731396766298036
0.000000 0.000000 0.004271699035761044 -0.1007203061913005 0.000000 0.000000
0.000000 0.00106703653991195 0.000000 0.000000 -0.0999235446854663 0.0043842308879172035
0.000000 0.000000 0.006922986543160793 0.000000 -0.004876086054877012 -0.10004895996774857
62 38 15 61 18 13



???
0.002878582983009675 -0.007189969779289947 -0.0015064501841581088 0.000000 0.000000 0.000000
0.0027717284279701764 -0.09933100120506894 -0.0014348816712244198 0.000000 -0.003753511209513744 0.000000
0.008303443901089566 -0.0014041798868143455 -0.09895897970775444 -0.006724748341319624 0.000000 -0.0013764779552923358
0.000000 0.000000 0.00428916860611082 -0.10070371578009167 0.000000 0.000000
0.000000 0.0010601641952958823 0.000000 0.000000 -0.09992170692687831 0.004401268901465229
0.000000 0.000000 0.006903848723829463 0.000000 -0.0048855505452104825 -0.10007333097227324
69.0 29.0 21.0 66.0 12.0 8